150
50
176
[0,1,2,3,4,5,6,7,8,9,10,11,12,13,14,15,16,17,18,19,20,21,22,23,24,25,26,27,28,29,30,31,32,33,34,35,36,37,38,39,40,41,42,43,44,45,46,47,48,49]
[[14,12],
[12,14],
[14,10],
[10,14],
[14,48],
[48,14],
[12,29],
[29,12],
[29,0],
[0,29],
[29,28],
[28,29],
[10,35],
[35,10],
[10,44],
[44,10],
[10,25],
[25,10],
[0,48],
[48,0],
[0,46],
[46,0],
[35,4],
[4,35],
[35,39],
[39,35],
[28,44],
[44,28],
[28,16],
[16,28],
[28,23],
[23,28],
[28,46],
[46,28],
[44,4],
[4,44],
[44,19],
[19,44],
[48,38],
[38,48],
[48,36],
[36,48],
[3,31],
[31,3],
[3,11],
[11,3],
[3,43],
[43,3],
[3,32],
[32,3],
[3,20],
[20,3],
[31,11],
[11,31],
[31,13],
[13,31],
[31,32],
[32,31],
[31,2],
[2,31],
[11,13],
[13,11],
[11,8],
[8,11],
[13,8],
[8,13],
[13,25],
[25,13],
[13,49],
[49,13],
[8,2],
[2,8],
[43,32],
[32,43],
[43,20],
[20,43],
[43,21],
[21,43],
[43,27],
[27,43],
[32,5],
[5,32],
[21,27],
[27,21],
[21,22],
[22,21],
[21,5],
[5,21],
[6,38],
[38,6],
[6,7],
[7,6],
[6,22],
[22,6],
[27,15],
[15,27],
[38,36],
[36,38],
[38,39],
[39,38],
[15,7],
[7,15],
[22,4],
[4,22],
[22,5],
[5,22],
[22,39],
[39,22],
[4,5],
[5,4],
[5,25],
[25,5],
[25,19],
[19,25],
[25,18],
[18,25],
[16,9],
[9,16],
[16,19],
[19,16],
[16,18],
[18,16],
[9,33],
[33,9],
[9,23],
[23,9],
[33,24],
[24,33],
[23,42],
[42,23],
[23,24],
[24,23],
[19,18],
[18,19],
[46,42],
[42,46],
[18,49],
[49,18],
[42,24],
[24,42],
[45,24],
[24,45],
[45,47],
[47,45],
[45,30],
[30,45],
[45,49],
[49,45],
[24,17],
[17,24],
[47,1],
[1,47],
[30,17],
[17,30],
[30,26],
[26,30],
[34,1],
[1,34],
[34,26],
[26,34],
[34,40],
[40,34],
[34,37],
[37,34],
[34,41],
[41,34],
[1,49],
[49,1],
[40,41],
[41,40],
[37,2],
[2,37],
[37,49],
[49,37],
[37,41],
[41,37]]
[[0,0,0,8,0,0,0,6,0,0,0,7,0,10,0,0,9,7,9,0,0,7,0,6,0,0,0,0,5,0,8,0,0,0,0,9,7,5,0,7,0,0,5,0,0,0,5,0,6,0],
[0,0,8,0,0,0,0,0,0,0,0,0,0,0,0,0,0,0,0,0,0,0,0,0,0,0,6,0,0,0,0,0,0,0,0,0,0,5,0,0,0,0,0,0,0,0,0,0,0,7],
[0,0,0,0,0,0,0,0,0,0,0,0,0,0,0,0,0,0,0,0,0,0,0,0,0,0,0,0,0,0,0,0,0,0,0,0,0,0,0,0,0,9,0,0,0,0,0,0,0,8],
[0,6,5,0,11,10,5,6,8,8,0,15,0,8,0,0,20,7,5,8,9,29,31,9,9,8,0,7,0,0,6,23,12,4,11,0,0,4,8,8,9,0,10,8,0,9,6,5,0,7],
[0,9,8,0,0,8,0,0,0,4,0,0,0,0,0,0,5,0,5,6,0,0,0,0,7,8,0,0,0,0,0,0,0,5,9,0,0,5,0,9,0,0,3,0,0,4,0,10,0,7],
[0,0,0,0,0,0,0,0,0,0,0,0,0,0,0,0,6,0,0,0,0,0,0,0,6,5,0,0,0,0,0,0,0,0,7,0,0,0,0,0,0,0,0,0,0,6,0,0,0,0],
[0,9,0,0,6,7,0,6,0,5,0,0,0,0,0,6,7,0,0,6,0,0,15,0,7,4,0,8,0,0,0,0,0,5,7,0,10,6,9,7,0,0,0,0,0,9,8,0,0,10],
[0,0,0,0,7,0,0,0,0,0,0,0,0,0,0,0,8,0,0,0,0,0,7,0,0,0,0,0,0,0,0,0,0,0,0,0,0,0,0,0,0,0,0,0,0,0,0,0,0,0],
[0,7,10,0,8,7,0,0,0,0,0,0,0,0,0,0,7,0,0,5,0,7,4,0,8,0,0,0,0,0,0,0,7,3,9,0,0,9,0,0,0,0,0,6,0,6,0,0,0,4],
[0,11,0,0,0,0,0,0,0,0,0,0,0,0,0,0,0,10,5,6,0,0,0,6,4,0,0,0,0,0,0,0,0,10,10,0,0,8,0,0,0,0,6,0,0,5,7,8,0,5],
[9,7,0,6,15,7,7,10,9,5,0,9,0,7,0,7,9,11,7,6,9,8,20,0,3,7,0,11,9,0,0,10,4,6,7,10,8,5,6,7,0,0,10,7,10,7,0,9,6,7],
[0,6,6,0,4,6,5,0,12,9,0,0,0,7,0,0,8,7,0,0,7,8,3,0,5,9,0,5,0,0,9,0,9,10,6,0,7,9,0,0,0,10,0,7,0,6,2,7,0,6],
[7,10,0,8,9,9,9,4,0,8,31,7,0,8,0,4,40,8,8,5,8,18,24,0,4,7,0,9,8,76,0,7,10,11,8,12,7,5,4,11,0,7,8,8,5,8,7,7,8,9],
[0,9,6,0,7,6,7,0,8,9,0,0,0,0,0,0,9,0,4,7,0,5,8,0,5,9,0,7,0,0,0,0,13,8,5,0,0,7,0,0,0,0,0,7,0,9,0,0,0,8],
[12,10,0,4,5,0,8,0,5,7,13,3,41,6,0,0,6,0,0,0,0,12,6,0,6,0,0,5,10,13,0,9,7,7,5,5,4,8,0,9,0,0,6,10,4,7,0,0,8,8],
[0,0,0,0,3,0,0,7,0,0,0,0,0,0,0,0,10,0,0,0,0,0,11,0,0,0,0,0,0,0,0,0,0,0,0,0,0,0,0,0,0,0,0,0,0,0,0,0,0,0],
[0,6,6,0,0,0,0,0,0,31,0,0,0,0,0,0,0,7,9,14,0,0,0,7,15,0,4,0,0,0,7,0,0,39,7,0,0,30,0,0,6,11,10,0,0,22,8,8,0,9],
[0,0,0,0,0,0,0,0,0,0,0,0,0,0,0,0,0,0,0,0,0,0,0,0,0,0,0,0,0,0,0,0,0,0,9,0,0,0,0,0,0,0,0,0,0,0,0,0,0,0],
[0,0,7,0,0,0,0,0,0,0,0,0,0,0,0,0,0,0,0,0,0,0,0,0,8,0,0,0,0,0,0,0,0,0,11,0,0,5,0,0,0,0,0,0,0,10,0,0,0,7],
[0,0,0,0,0,0,0,0,0,0,0,0,0,0,0,0,0,0,6,0,0,0,0,0,7,0,0,0,0,0,0,0,0,0,5,0,0,4,0,0,0,0,0,0,0,7,0,0,0,3],
[0,0,0,0,6,0,4,0,0,0,0,0,0,0,0,0,7,0,0,0,0,7,8,0,4,0,0,9,0,0,0,0,0,0,0,0,0,0,0,0,0,0,0,0,0,0,0,0,0,0],
[0,8,0,0,7,6,20,9,0,7,0,0,0,0,0,9,13,8,6,5,0,0,73,0,8,9,0,21,0,0,0,0,0,8,7,0,8,5,7,7,0,9,6,0,0,8,0,7,0,10],
[0,8,0,0,28,9,0,0,0,7,0,0,0,0,0,0,51,6,8,5,0,0,0,0,5,9,0,0,0,0,3,0,0,11,5,0,0,12,0,5,0,0,10,0,0,7,9,8,0,9],
[0,0,0,0,0,0,0,0,0,0,0,0,0,0,0,0,0,0,0,0,0,0,0,0,11,0,0,0,0,0,0,0,0,0,8,0,0,0,0,0,0,0,7,0,0,7,7,0,0,0],
[0,6,10,0,0,0,0,0,0,0,0,0,0,0,0,0,0,9,0,0,0,0,0,0,0,0,7,0,0,0,9,0,0,0,11,0,0,3,0,0,0,0,0,0,0,0,0,4,0,11],
[0,0,0,0,0,0,0,0,0,6,0,0,0,0,0,0,8,0,8,7,0,0,0,0,8,0,0,0,0,0,0,0,0,10,7,0,0,6,0,0,0,0,0,0,0,6,0,0,0,0],
[0,0,0,0,0,0,0,0,0,0,0,0,0,0,0,0,0,0,0,0,0,0,0,0,0,0,0,0,0,0,0,0,0,0,0,0,0,0,0,0,0,0,0,0,0,0,0,0,0,0],
[0,5,8,0,9,8,0,5,0,7,0,0,0,0,0,9,9,0,0,0,0,0,9,0,9,11,0,0,0,0,0,0,0,7,9,0,0,7,6,0,0,0,0,0,0,5,0,0,0,5],
[0,0,0,10,8,0,0,10,0,8,0,4,0,0,0,0,9,0,7,6,0,7,0,8,0,8,0,0,0,0,6,0,0,8,0,0,11,0,0,5,0,0,7,0,4,0,8,0,0,7],
[15,9,6,18,7,7,8,9,8,10,18,7,0,9,0,0,32,8,8,9,0,8,16,6,7,9,9,6,12,0,8,5,5,9,10,10,6,8,8,6,0,9,6,7,12,11,10,5,6,7],
[0,10,8,0,0,0,0,0,0,0,0,0,0,0,0,0,0,6,0,0,0,0,0,0,0,0,9,0,0,0,0,0,0,0,12,0,0,0,0,0,0,0,0,0,0,0,0,0,0,0],
[0,6,0,0,4,10,0,0,4,7,0,15,0,16,0,0,10,0,0,0,7,21,9,0,4,0,0,0,0,0,0,0,9,7,7,0,0,11,0,0,0,0,0,9,0,6,0,8,0,8],
[0,6,7,0,7,8,4,0,0,0,0,0,0,0,0,0,5,0,0,0,6,9,4,0,6,0,0,6,0,0,0,0,0,7,5,0,0,9,0,0,0,0,0,0,0,7,0,0,0,8],
[0,8,6,0,0,0,0,0,0,0,0,0,0,0,0,0,0,6,6,8,0,0,0,7,9,0,9,0,0,0,11,0,0,0,6,0,0,10,0,0,0,0,9,0,0,9,9,12,0,7],
[0,26,5,0,0,0,0,0,0,0,0,0,0,0,0,0,0,0,0,0,0,0,0,0,0,0,6,0,0,0,0,0,0,0,0,0,0,37,0,0,12,8,0,0,0,0,0,0,0,10],
[0,0,0,7,9,0,7,7,0,0,0,0,0,0,0,0,7,0,4,0,0,6,4,0,0,9,0,0,0,0,6,0,0,0,0,0,8,9,0,7,0,0,0,6,8,0,0,0,6,0],
[0,0,0,0,8,0,0,0,0,0,0,0,0,0,0,0,7,0,0,0,0,0,8,0,0,0,0,0,0,0,9,0,0,0,7,0,0,0,0,5,2,0,8,0,0,0,0,0,0,0],
[0,0,9,0,0,0,0,0,0,0,0,0,0,0,0,0,0,0,0,0,0,0,0,0,0,0,0,0,0,0,0,0,0,0,0,0,0,0,0,0,0,15,0,0,0,0,0,0,0,15],
[0,0,0,0,5,0,0,7,0,0,0,0,0,0,0,0,5,0,0,0,0,0,8,0,0,0,0,0,0,0,0,0,0,0,6,0,5,0,0,5,0,0,0,0,0,6,0,0,0,0],
[0,0,0,0,0,0,0,0,0,0,0,0,0,0,0,0,7,0,0,0,0,0,0,0,0,0,0,0,0,0,0,0,0,0,7,0,0,0,0,0,0,0,0,0,0,4,0,0,0,0],
[0,0,7,0,0,0,0,0,0,0,0,0,0,0,0,0,0,0,0,0,0,0,0,0,0,0,0,0,0,0,0,0,0,0,0,0,0,6,0,0,0,5,0,0,0,0,0,0,0,9],
[0,0,0,0,0,0,0,0,0,0,0,0,0,0,0,0,0,0,0,0,0,0,0,0,0,0,0,0,0,0,0,0,0,0,0,0,0,0,0,0,0,0,0,0,0,0,0,0,0,0],
[0,8,0,0,0,0,0,0,0,0,0,0,0,0,0,0,0,7,0,0,0,0,0,0,10,0,0,0,0,0,0,0,0,0,8,0,0,5,0,0,0,0,0,0,0,7,0,0,0,0],
[0,5,0,0,8,0,10,0,0,0,0,0,0,0,0,0,8,0,0,0,7,16,6,0,6,0,0,8,0,0,0,0,6,9,10,0,0,4,0,0,0,0,0,0,0,9,0,0,0,10],
[0,0,0,10,0,0,0,8,0,0,0,0,0,0,0,0,7,0,7,7,0,7,0,0,0,0,0,0,0,0,10,0,0,8,0,0,0,5,0,6,0,0,8,0,0,0,0,0,0,0],
[0,8,9,0,0,0,0,0,0,0,0,0,0,0,0,0,0,10,0,0,0,0,0,0,35,0,4,0,0,0,9,0,0,0,36,0,0,38,0,0,4,6,0,0,0,0,0,16,0,8],
[0,0,0,0,0,0,0,0,0,0,0,0,0,0,0,0,0,0,0,0,0,0,0,0,8,0,0,0,0,0,0,0,0,0,8,0,0,0,0,0,0,0,6,0,0,5,0,0,0,0],
[0,7,0,0,0,0,0,0,0,0,0,0,0,0,0,0,0,0,0,0,0,0,0,0,0,0,7,0,0,0,6,0,0,0,6,0,0,4,0,0,0,0,0,0,0,0,0,0,0,4],
[0,0,0,6,8,0,0,7,0,0,0,0,0,0,0,0,3,0,4,0,0,6,0,0,0,0,0,0,0,0,6,0,0,0,0,0,9,0,0,10,0,0,7,0,0,0,0,0,0,0],
[0,0,0,0,0,0,0,0,0,0,0,0,0,0,0,0,0,0,0,0,0,0,0,0,0,0,0,0,0,0,0,0,0,0,0,0,0,0,0,0,0,0,0,0,0,0,0,0,0,0]]
