150
55
144
[0,1,2,3,4,5,6,7,8,9,10,11,12,13,14,15,16,17,18,19,20,21,22,23,24,25,26,27,28,29,30,31,32,33,34,35,36,37,38,39,40,41,42,43,44,45,46,47,48,49,50,51,52,53,54]
[[0,2],
[1,2],
[2,0],
[2,1],
[2,5],
[2,7],
[3,5],
[4,7],
[5,2],
[5,3],
[5,6],
[5,11],
[6,5],
[6,7],
[6,8],
[7,2],
[7,4],
[7,6],
[7,10],
[8,6],
[8,9],
[9,8],
[9,17],
[10,7],
[10,12],
[11,5],
[11,14],
[12,10],
[12,15],
[13,15],
[14,11],
[14,19],
[15,12],
[15,13],
[15,16],
[16,15],
[16,20],
[16,23],
[17,9],
[17,18],
[18,17],
[18,19],
[18,20],
[19,14],
[19,18],
[19,20],
[20,16],
[20,18],
[20,19],
[20,21],
[20,23],
[21,20],
[21,22],
[21,24],
[22,21],
[22,26],
[23,16],
[23,20],
[23,25],
[24,21],
[24,29],
[25,23],
[25,28],
[25,31],
[26,22],
[26,27],
[27,26],
[27,35],
[28,25],
[28,29],
[28,30],
[29,24],
[29,28],
[29,30],
[30,28],
[30,29],
[30,33],
[31,25],
[31,32],
[32,31],
[32,36],
[33,30],
[33,34],
[33,36],
[34,33],
[34,35],
[34,38],
[35,27],
[35,34],
[35,42],
[36,32],
[36,33],
[36,37],
[37,36],
[37,40],
[38,34],
[38,39],
[39,38],
[39,40],
[39,41],
[40,37],
[40,39],
[40,41],
[41,39],
[41,40],
[41,42],
[41,45],
[42,35],
[42,41],
[42,43],
[42,51],
[43,42],
[43,44],
[43,46],
[44,43],
[44,45],
[45,41],
[45,44],
[45,48],
[46,43],
[46,47],
[47,46],
[47,48],
[47,49],
[48,45],
[48,47],
[48,50],
[49,47],
[49,50],
[49,51],
[50,48],
[50,49],
[50,51],
[50,53],
[51,42],
[51,49],
[51,50],
[51,52],
[52,51],
[52,54],
[53,50],
[53,54],
[54,52],
[54,53]]
[[0,0,22,0,0,0,0,0,0,0,0,0,0,0,0,0,0,0,0,0,0,0,0,0,0,0,0,0,0,0,0,0,0,0,0,0,0,0,0,0,0,0,0,0,0,0,0,0,0,0,0,0,0,0,0],
[0,0,12,0,0,0,0,0,0,0,0,0,0,0,0,0,0,0,0,0,0,0,0,0,0,0,0,0,0,0,0,0,0,0,0,0,0,0,0,0,0,0,0,0,0,0,0,0,0,0,0,0,0,0,0],
[21,6,0,0,0,24,5,19,0,0,24,0,0,0,0,0,0,0,0,7,24,0,0,0,0,0,0,0,0,0,0,0,0,0,0,0,0,0,0,0,0,0,0,0,0,0,0,0,0,0,0,0,0,0,0],
[0,0,0,0,0,13,0,0,0,0,0,0,0,0,0,0,0,0,0,0,0,0,0,0,0,0,0,0,0,0,0,0,0,0,0,0,0,0,0,0,0,0,0,0,0,0,0,0,0,0,0,0,0,0,0],
[0,0,0,0,0,0,0,22,0,0,0,0,0,0,0,0,0,0,0,0,0,0,0,0,0,0,0,0,0,0,0,0,0,0,0,0,0,0,0,0,0,0,0,0,0,0,0,0,0,0,0,0,0,0,0],
[0,0,0,0,0,0,15,0,3,0,0,19,0,0,23,0,0,0,2,18,16,0,0,0,0,0,0,0,0,0,0,0,0,0,0,0,0,0,0,0,0,0,0,0,0,0,0,0,0,0,0,0,0,0,0],
[0,0,13,0,0,4,0,7,11,3,9,10,0,0,0,0,0,0,0,0,3,0,0,0,0,0,0,0,0,0,0,0,0,0,0,0,0,0,0,0,0,0,0,0,0,0,0,0,0,0,0,0,0,0,0],
[0,0,6,0,14,14,14,0,15,0,13,0,3,0,0,19,23,0,0,0,25,0,0,0,0,0,0,0,0,0,0,0,0,0,0,0,0,0,0,0,0,0,0,0,0,0,0,0,0,0,0,0,0,0,0],
[0,0,0,0,0,0,0,19,0,21,0,0,0,0,0,0,0,0,0,0,0,0,0,0,0,0,0,0,0,0,0,0,0,0,0,0,0,0,0,0,0,0,0,0,0,0,0,0,0,0,0,0,0,0,0],
[0,0,0,0,0,0,21,0,13,0,0,0,0,0,0,0,0,23,4,0,7,0,0,0,0,0,0,0,0,0,0,0,0,0,0,0,0,0,0,0,0,0,0,0,0,0,0,0,0,0,0,0,0,0,0],
[0,0,2,0,0,0,7,25,0,0,0,0,8,0,0,20,0,0,0,0,0,0,0,0,0,0,0,0,0,0,0,0,0,0,0,0,0,0,0,0,0,0,0,0,0,0,0,0,0,0,0,0,0,0,0],
[0,0,24,0,0,12,4,0,0,0,0,0,0,0,8,0,0,0,0,20,24,0,0,0,0,0,0,0,0,0,0,0,0,0,0,0,0,0,0,0,0,0,0,0,0,0,0,0,0,0,0,0,0,0,0],
[0,0,0,0,0,0,0,19,0,0,8,0,0,0,0,21,5,0,0,0,5,0,0,0,0,0,0,0,0,0,0,0,0,0,0,0,0,0,0,0,0,0,0,0,0,0,0,0,0,0,0,0,0,0,0],
[0,0,0,0,0,0,0,0,0,0,0,0,0,0,0,17,0,0,0,0,0,0,0,0,0,0,0,0,0,0,0,0,0,0,0,0,0,0,0,0,0,0,0,0,0,0,0,0,0,0,0,0,0,0,0],
[0,0,0,0,0,23,0,0,0,0,0,2,0,0,0,0,0,0,2,8,23,0,0,0,0,0,0,0,0,0,0,0,0,0,0,0,0,0,0,0,0,0,0,0,0,0,0,0,0,0,0,0,0,0,0],
[0,0,13,0,0,0,0,22,0,0,2,0,4,14,0,0,21,0,3,5,6,20,0,16,0,3,0,0,0,0,0,0,0,0,0,0,0,0,0,0,0,0,0,0,0,0,0,0,0,0,0,0,0,0,0],
[0,0,0,0,0,0,0,18,0,0,0,0,12,0,0,8,0,0,9,1,14,24,0,6,0,5,0,0,11,0,0,0,0,0,0,0,0,0,0,0,0,0,0,0,0,0,0,0,0,0,0,0,0,0,0],
[0,0,0,0,0,0,0,0,0,23,0,0,0,0,0,0,0,0,17,0,21,0,0,0,0,0,0,0,0,0,0,0,0,0,0,0,0,0,0,0,0,0,0,0,0,0,0,0,0,0,0,0,0,0,0],
[0,0,0,0,0,4,0,0,0,0,0,0,0,0,0,0,22,8,0,0,0,21,0,8,0,5,0,0,0,0,0,0,0,0,0,0,0,0,0,0,0,0,0,0,0,0,0,0,0,0,0,0,0,0,0],
[0,0,4,0,0,6,0,0,0,0,0,7,0,0,13,10,16,9,24,0,18,0,0,13,0,15,0,0,0,0,0,0,0,0,0,0,0,0,0,0,0,0,0,0,0,0,0,0,0,0,0,0,0,0,0],
[0,0,20,0,0,1,14,0,0,15,0,7,1,0,9,6,9,21,2,0,0,23,17,7,12,4,11,0,11,21,19,15,0,19,0,6,6,0,0,0,0,0,23,0,0,0,0,0,0,0,0,0,0,0,0],
[0,0,0,0,0,0,0,0,0,0,0,0,0,0,0,8,5,0,1,23,11,0,10,11,0,23,7,0,13,0,1,0,0,0,0,0,0,0,0,0,0,0,0,0,0,0,0,0,0,0,0,0,0,0,0],
[0,0,0,0,0,0,0,0,0,0,0,0,0,0,0,0,0,0,0,0,1,23,0,0,0,0,1,0,0,0,0,0,0,0,0,0,0,0,0,0,0,0,0,0,0,0,0,0,0,0,0,0,0,0,0],
[0,0,0,0,0,0,0,0,0,0,0,0,0,0,0,12,12,0,2,23,15,18,0,0,0,13,0,0,14,19,23,5,0,0,0,0,0,0,0,0,0,0,0,0,0,0,0,0,0,0,0,0,0,0,0],
[0,0,0,0,0,0,0,0,0,0,0,0,0,0,0,0,0,0,0,0,20,21,0,0,0,0,0,0,7,12,9,0,0,0,0,0,0,0,0,0,0,0,0,0,0,0,0,0,0,0,0,0,0,0,0],
[0,0,0,0,0,0,0,0,0,0,0,0,0,0,0,13,3,0,18,5,10,23,0,7,0,0,0,0,0,16,21,22,21,6,0,0,0,0,0,0,0,0,0,0,0,0,0,0,0,0,0,0,0,0,0],
[0,0,0,0,0,0,0,0,0,0,0,0,0,0,0,0,0,0,0,0,11,6,2,0,0,0,0,25,0,0,0,0,0,0,0,11,0,0,0,0,0,0,0,0,0,0,0,0,0,0,0,0,0,0,0],
[0,0,0,0,0,0,0,0,0,0,0,0,0,0,0,0,0,0,0,0,0,0,0,0,0,0,1,0,0,0,0,0,0,0,11,5,0,0,0,0,0,0,2,0,0,0,0,0,0,0,0,0,0,0,0],
[0,0,0,0,0,0,0,0,0,0,0,0,0,0,0,0,8,0,0,0,0,5,0,19,1,20,0,0,0,6,5,2,0,2,13,0,12,0,0,0,0,0,0,0,0,0,0,0,0,0,0,0,0,0,0],
[0,0,0,0,0,0,0,0,0,0,0,0,0,0,0,0,0,0,0,0,22,23,0,25,3,3,0,0,2,0,0,0,0,0,5,0,19,0,0,0,0,0,0,0,0,0,0,0,0,0,0,0,0,0,0],
[0,0,0,0,0,0,0,0,0,0,0,0,0,0,0,0,0,0,0,0,11,14,0,0,19,2,0,0,10,16,0,0,0,22,21,11,4,0,0,0,0,0,15,0,0,0,0,0,0,0,0,0,0,0,0],
[0,0,0,0,0,0,0,0,0,0,0,0,0,0,0,0,0,0,0,0,2,0,0,6,0,7,0,0,9,0,0,0,13,0,0,0,20,0,0,0,0,0,0,0,0,0,0,0,0,0,0,0,0,0,0],
[0,0,0,0,0,0,0,0,0,0,0,0,0,0,0,0,0,0,0,0,0,0,0,0,0,22,0,0,0,0,0,21,0,23,0,0,7,0,0,0,0,0,0,0,0,0,0,0,0,0,0,0,0,0,0],
[0,0,0,0,0,0,0,0,0,0,0,0,0,0,0,0,0,0,0,0,2,0,0,0,0,0,0,0,22,12,0,0,6,0,0,16,24,9,8,0,25,24,19,0,0,0,0,0,0,0,0,17,0,0,0],
[0,0,0,0,0,0,0,0,0,0,0,0,0,0,0,0,0,0,0,0,0,0,0,0,0,0,0,3,9,5,3,0,0,19,0,15,21,0,20,0,4,13,12,16,0,0,0,0,0,0,19,3,0,0,0],
[0,0,0,0,0,0,0,0,0,0,0,0,0,0,0,0,0,0,0,0,7,0,0,0,0,0,0,0,0,0,5,0,0,2,15,0,11,0,19,10,11,15,11,22,0,13,0,0,0,1,24,6,0,0,0],
[0,0,0,0,0,0,0,0,0,0,0,0,0,0,0,0,0,0,0,0,14,0,0,0,0,17,0,0,24,20,14,17,6,18,19,20,0,1,0,20,22,19,6,0,0,0,0,0,0,0,0,0,0,0,0],
[0,0,0,0,0,0,0,0,0,0,0,0,0,0,0,0,0,0,0,0,0,0,0,0,0,0,0,0,0,0,0,0,0,7,0,0,4,0,0,5,24,3,0,0,0,0,0,0,0,0,0,0,0,0,0],
[0,0,0,0,0,0,0,0,0,0,0,0,0,0,0,0,0,0,0,0,0,0,0,0,0,0,0,0,0,0,0,0,0,7,0,5,0,0,0,23,8,21,0,0,0,0,0,0,0,0,0,0,0,0,0],
[0,0,0,0,0,0,0,0,0,0,0,0,0,0,0,0,0,0,0,0,0,0,0,0,0,0,0,0,0,0,0,0,0,0,2,15,6,25,7,0,0,3,22,17,0,10,0,0,21,0,4,11,0,0,0],
[0,0,0,0,0,0,0,0,0,0,0,0,0,0,0,0,0,0,0,0,0,0,0,0,0,0,0,0,0,0,0,0,0,1,18,25,23,0,8,20,0,14,21,10,0,20,0,0,19,0,3,18,0,0,0],
[0,0,0,0,0,0,0,0,0,0,0,0,0,0,0,0,0,0,0,0,0,0,0,0,0,0,0,0,0,0,0,0,0,19,0,1,11,10,1,20,21,0,25,10,3,22,0,21,12,0,0,14,0,0,0],
[0,0,0,0,0,0,0,0,0,0,0,0,0,0,0,0,0,0,0,0,20,0,0,0,0,0,0,19,0,0,13,0,0,18,0,9,8,0,0,16,8,20,0,2,15,16,22,24,3,9,2,9,10,0,0],
[0,0,0,0,0,0,0,0,0,0,0,0,0,0,0,0,0,0,0,0,0,0,0,0,0,0,0,0,0,0,0,0,0,0,22,8,0,0,0,10,24,6,2,0,0,10,11,17,22,20,3,23,0,0,0],
[0,0,0,0,0,0,0,0,0,0,0,0,0,0,0,0,0,0,0,0,0,0,0,0,0,0,0,0,0,0,0,0,0,0,0,0,0,0,0,0,0,1,7,17,0,0,0,0,8,0,0,0,0,0,0],
[0,0,0,0,0,0,0,0,0,0,0,0,0,0,0,0,0,0,0,0,0,0,0,0,0,0,0,0,0,0,0,0,0,0,0,1,0,0,0,20,19,16,0,12,6,0,0,0,12,23,4,11,0,0,0],
[0,0,0,0,0,0,0,0,0,0,0,0,0,0,0,0,0,0,0,0,0,0,0,0,0,0,0,0,0,0,0,0,0,0,0,0,0,0,0,0,0,0,8,8,0,0,0,10,22,5,0,0,0,0,0],
[0,0,0,0,0,0,0,0,0,0,0,0,0,0,0,0,0,0,0,0,0,0,0,0,0,0,0,0,0,0,0,0,0,0,0,0,0,0,0,0,0,20,0,8,0,0,5,0,24,9,20,10,0,0,0],
[0,0,0,0,0,0,0,0,0,0,0,0,0,0,0,0,0,0,0,0,0,0,0,0,0,0,0,0,0,0,0,0,0,0,0,0,0,0,0,24,2,15,8,1,2,23,3,22,0,0,0,13,0,8,0],
[0,0,0,0,0,0,0,0,0,0,0,0,0,0,0,0,0,0,0,0,0,0,0,0,0,0,0,0,0,0,0,0,0,0,0,10,0,0,0,0,0,11,7,5,0,16,19,1,21,0,10,8,20,6,0],
[0,0,0,0,0,0,0,0,0,0,0,0,0,0,0,0,0,0,0,0,0,0,0,0,0,0,0,0,0,0,0,0,0,0,12,25,0,0,0,0,9,25,7,22,0,5,0,3,24,17,0,24,23,0,3],
[0,0,0,0,0,0,0,0,0,0,0,0,0,0,0,0,0,0,0,0,0,0,0,0,0,0,0,0,0,0,0,0,0,4,21,1,0,0,0,15,12,7,14,18,0,3,0,16,2,8,20,0,4,21,13],
[0,0,0,0,0,0,0,0,0,0,0,0,0,0,0,0,0,0,0,0,0,0,0,0,0,0,0,0,0,0,0,0,0,0,0,0,0,0,0,0,0,0,0,0,0,0,0,0,0,9,1,18,0,0,4],
[0,0,0,0,0,0,0,0,0,0,0,0,0,0,0,0,0,0,0,0,0,0,0,0,0,0,0,0,0,0,0,0,0,0,0,0,0,0,0,0,0,0,0,0,0,0,0,0,7,22,23,14,0,0,20],
[0,0,0,0,0,0,0,0,0,0,0,0,0,0,0,0,0,0,0,0,0,0,0,0,0,0,0,0,0,0,0,0,0,0,0,0,0,0,0,0,0,0,0,0,0,0,0,0,0,0,3,15,4,21,0]]